Right Ascension, Declination, Absorber Redshift, Plate, Fiber, MJD 
0.3255682793227379 -0.8540859607711995 2.488009452819824 4216 210 55477
0.8161081037453073 29.039879364741914 2.145956039428711 7134 292 56566
0.8161081037453073 29.039879364741914 2.145888328552246 7135 558 56564
1.1994099257186974 -5.7703921878298114 2.0664496421813965 7034 82 56564
1.2292642963921594 2.1699226400109373 2.481722116470337 4296 892 55499
2.1386036991901847 18.953193295268264 2.248265027999878 6170 60 56240
2.3391410691169767 18.99432142327865 2.037797212600708 6170 4 56240
2.459676601174351 21.73302871061583 2.205925941467285 6171 818 56311
2.9440585030876036 30.19737294256034 2.1639859676361084 7133 308 56567
3.024701113005392 21.79525003741277 2.030611991882324 6171 920 56311
3.1240842758750773 13.962347488547314 2.1626667976379395 6112 274 56191
3.2426247242449335 13.834573029527512 2.315692663192749 6112 234 56191
3.2426247242449335 13.834573029527512 2.2984085083007812 6112 234 56191
3.4816682074944083 30.868132546441736 2.285598039627075 7133 800 56567
3.612466918347252 19.58099916273414 2.027467966079712 6174 820 56243
3.6713875105167517 10.295081151597175 2.2235240936279297 5648 72 55923
3.7594346646366095 0.20348252138639292 2.200793504714966 4218 818 55479
3.987840587680978 0.8062214747941545 2.033210277557373 4218 876 55479
4.167061221587346 7.8768568269424675 2.3195745944976807 4536 126 55857
4.6298605307610075 -4.5425764057530635 2.494821310043335 7037 602 56570
4.6298605307610075 -4.5425764057530635 2.175956964492798 7037 602 56570
5.004864981421406 30.191968130570192 2.196831703186035 7128 420 56567
5.655726986548359 26.24420362745931 2.1207470893859863 6280 371 56570
5.738073694341438 9.184525087089959 2.3926897048950195 4538 780 55860
5.84326499275403 31.76548498262732 2.303711414337158 7128 754 56567
7.255142315944013 -5.824813245183977 2.185251235961914 7038 166 56571
7.331112411826928 0.13686695183202746 2.5258560180664062 4220 856 55447
7.469974713347256 30.360351303578057 2.213207483291626 7128 4 56567
7.506756677671319 27.916346591708418 2.067769765853882 6274 208 56550
7.961738010372244 23.006184808103583 2.1666274070739746 6181 904 56239
7.961738010372244 23.006184808103583 2.086972951889038 6181 904 56239
8.547394614597962 -3.4383918677516156 2.082700729370117 4368 162 55559
8.84005411176139 0.3280463814278143 2.3106837272644043 3588 531 55184
8.84005411176139 0.3280463814278143 2.3107051849365234 4222 514 55444
8.865286087484264 0.8891595422586389 2.2851433753967285 3586 918 55181
9.181036336820341 8.6623239121226 2.3872299194335938 4540 60 55863
9.338920000245366 22.132763599327376 2.5342864990234375 6188 700 56208
9.351957610780744 14.249099238261486 2.2875146865844727 6197 348 56191
9.351957610780744 14.249099238261486 2.194610357284546 6197 348 56191
9.63547521556967 34.50420790784061 2.4054436683654785 6873 624 56541
9.63547521556967 34.50420790784061 2.298856496810913 6873 624 56541
10.296543927464995 30.566400292514814 2.092355728149414 6252 870 56248
10.296543927464995 30.566400292514814 2.0923893451690674 6529 374 56535
10.56360538267404 29.917462707544832 2.1669886112213135 6254 519 56268
10.6040623155626 0.41769458402574783 2.1950058937072754 4222 930 55444
10.66155803625648 -5.011716806676298 2.1015677452087402 7041 474 56569
10.687470454535571 20.322388329109373 1.999766230583191 6194 814 56190
11.146376764596141 30.948696420090467 2.14241099357605 6529 218 56535
11.30824667395791 35.1594734046094 2.2305493354797363 6873 906 56541
11.886409599793524 0.35315212991535405 2.4692885875701904 4223 724 55451
11.934390386460507 3.852411501418015 2.1064233779907227 4305 279 55509
12.239948412465367 32.64803508985078 2.0843541622161865 6872 676 56540
12.412983994032118 -0.11650228554990039 2.280107021331787 4223 145 55451
12.412983994032118 -0.11650228554990039 2.280256509780884 3589 16 55186
12.617443591624593 -3.7175749328527914 2.404024600982666 7041 914 56569
13.471431554666992 21.757659247750517 2.6295385360717773 5700 336 56245
13.764037559197902 21.476662422176357 2.2487387657165527 5700 250 56245
13.857553378937723 31.575289873200195 2.096101999282837 6872 98 56540
14.100812873568316 12.002790995570635 2.0947697162628174 5706 694 56165
14.461992389473096 11.9555886124738 2.205988645553589 5706 826 56165
14.462568022951018 35.562080250251974 2.1063055992126465 6595 616 56569
14.823296297229604 1.701444465856278 2.3055648803710938 4311 484 55506
15.706031641444326 5.545358483049427 2.2124571800231934 4421 28 55858
15.955660065785384 -0.6349832361857578 2.2385406494140625 4226 472 55475
16.249160602022584 0.8258559292608051 2.320779800415039 3735 795 55209
16.55092112932445 0.3222630599520524 2.1982696056365967 4226 684 55475
16.55092112932445 0.3222630599520524 2.198237657546997 3736 611 55214
16.55092112932445 0.3222630599520524 2.1982879638671875 4225 988 55455
16.620086184479362 22.708607236860278 2.0476644039154053 5120 194 55895
16.690271560061205 11.689949769159472 2.4805245399475098 4663 854 55893
16.942393775827384 33.26012881003335 2.59102201461792 6594 608 56272
17.119713395252802 24.080806122948037 2.162858247756958 5699 358 55953
17.25360893276092 0.026988635657960815 2.4715700149536133 4227 505 55481
17.429044218544337 20.137532100510885 2.2611160278320312 5125 292 55863
17.482460876444293 35.43795571869828 2.2434241771698 6598 664 56574
17.635388448312284 -4.770846887715612 2.2559006214141846 7044 78 56591
18.0423475698108 22.388790489440904 2.1423234939575195 5126 384 55923
18.061434925953677 34.40910847887034 2.2877442836761475 6598 271 56574
19.01224671992145 5.34979251223314 2.167649984359741 4425 384 55864
19.75135160041232 -0.032443889799721924 2.6296093463897705 4227 27 55481
20.149551532643272 14.198417402511337 2.142798900604248 4668 816 56211
20.160491108678873 30.067085634454358 2.261812686920166 6262 796 56267
20.326443479064892 3.8023307334384455 2.279639959335327 4313 264 55857
20.768417172323893 17.051357672575875 2.0945816040039062 5139 20 55866
21.015742662262085 0.7424359113114084 2.2613296508789062 4229 552 55501
21.201402107624006 6.208148933776753 2.2572176456451416 4424 646 55532
21.236810250602446 8.717092856975544 2.1401689052581787 4552 418 55884
21.27919966206173 -5.701734410841675 2.508762836456299 7047 338 56572
21.306709930605876 -6.770080795036817 2.0391900539398193 7160 766 56599
21.795188335453474 5.315036059495373 2.401409387588501 4310 629 55508
21.94918330441908 14.095367910074625 2.4414255619049072 4665 730 56209
22.072490551225343 -6.84105961376148 2.2789783477783203 7161 612 56625
22.8871838065063 -4.027084231141062 2.0411245822906494 7048 710 56575
23.472376038378002 1.9718601740238098 2.0558156967163086 4276 148 55505
23.525271067822132 25.938777636679163 2.092419147491455 5695 564 56191
23.545661101058386 28.822177774476078 2.10286283493042 6264 782 56223
24.50917915679186 -3.957502898478465 2.1277198791503906 7049 711 56570
25.655875263950463 24.873769230266046 2.135823965072632 5696 452 55946
25.82509211888157 19.810864770602894 2.3924312591552734 5121 829 55856
25.918813635566593 -8.149229298249702 2.2572617530822754 7163 260 56593
25.95929381167923 32.57115639269981 2.6165969371795654 6601 717 56335
27.444303471452542 20.752702209917597 2.3026623725891113 5117 669 55925
27.47677750868337 8.646346816741728 2.21347975730896 4532 920 55559
28.337506827453296 23.763493432475784 2.2584216594696045 5112 890 55895
28.647450648733184 18.773165774377762 2.2860281467437744 5118 867 55830
28.76993615536304 15.592949458948393 2.2277956008911133 5119 466 55836
29.000662683706945 -0.6538721887391801 2.281052827835083 4233 270 55449
29.340510003957434 13.566636001577706 2.2443528175354004 4657 142 55591
29.78449694075664 31.342647533351222 2.107084274291992 6603 64 56567
29.85106659223652 31.113279500895366 2.1575369834899902 6603 56 56567
30.287201053359013 23.19906956025687 2.317361354827881 5113 600 55924
30.287201053359013 23.19906956025687 2.316866874694824 5114 302 55883
30.56118117137254 16.491917554622855 2.0600688457489014 5119 924 55836
30.867928667327988 23.839962276619676 2.0543437004089355 5114 820 55883
31.372727622289062 23.496235104301174 2.2922635078430176 5114 158 55883
31.372727622289062 23.496235104301174 2.2180206775665283 5114 158 55883
32.452433628730866 0.45740294307095336 2.0652029514312744 4236 506 55479
32.49329069269339 25.515260279198955 2.323679208755493 5698 72 55947
33.197039733701466 -5.4349205754819225 2.044825553894043 4394 706 55924
34.72738624048367 31.692084226510776 2.062338352203369 6606 18 56596
37.476770071901115 -0.9396095042532256 2.231074571609497 4238 208 55455
37.476770071901115 -0.9396095042532256 2.2309646606445312 3647 162 55476
37.476770071901115 -0.9396095042532256 2.2311387062072754 3647 178 55827
38.08135426416783 0.3519162096062242 2.000864267349243 6780 979 56577
38.08135426416783 0.3519162096062242 2.000810146331787 6780 971 56605
38.08135426416783 0.3519162096062242 2.000891923904419 6780 953 56267
38.08135426416783 0.3519162096062242 2.000864267349243 6780 979 56577
38.08135426416783 0.3519162096062242 2.000864267349243 6780 979 56577
38.1399020971065 0.14084196911653277 2.624344825744629 3615 958 55856
38.65634262959156 -0.15553384447850208 2.263951301574707 3744 152 55209
38.65634262959156 -0.15553384447850208 2.2634940147399902 4239 320 55458
38.83152300543679 3.8767698445469705 2.1384801864624023 4260 306 55478
39.29889817219364 -5.932563869998302 2.444837808609009 4399 806 55811
39.611808291654995 1.7972134077983197 2.0548653602600098 4261 411 55503
41.132178155726166 -0.4285740582549313 2.092918634414673 4240 148 55455
43.03043693470701 -1.2286532436784665 2.176938533782959 4241 82 55450
111.18363736867686 39.45328932151805 2.217437982559204 3655 110 55240
112.38658923121949 39.40723073195236 2.552544593811035 3657 820 55244
113.84445081371999 35.60304981173132 2.431562662124634 3662 161 55182
114.2621673248621 45.210462013398924 2.258734703063965 3663 220 55176
115.22618642446473 22.53676456297893 2.0664174556732178 4470 290 55587
115.26336219894657 38.93151171616208 2.3869740962982178 3670 560 55480
115.53458548483286 21.70235355471699 2.0957558155059814 4480 888 55591
117.1495915618641 51.43492599050578 2.028827428817749 3679 490 55209
117.44941543787257 14.463189997552524 2.0185739994049072 4502 734 55569
118.26617998791266 28.78763650693003 2.3924808502197266 4452 19 55536
118.9281901578137 30.82985904126067 2.2869880199432373 3753 166 55486
119.03804457631182 33.62520145758123 2.1430599689483643 3754 346 55488
119.06816907031794 43.60110756948032 2.021899700164795 6377 465 56243
119.06816907031794 43.60110756948032 2.0219101905822754 3676 104 55186
119.06816907031794 43.60110756948032 2.0219898223876953 6377 469 56245
119.10833953877837 50.45219993451877 2.409127712249756 3677 808 55205
119.3235057446854 43.61908865943016 2.0407156944274902 6376 152 56269
119.3235057446854 43.61908865943016 2.0406718254089355 3676 70 55186
120.1163684443672 1.3634356912817844 2.1429853439331055 4745 603 55892
120.22351687914458 41.490461002014065 2.2726991176605225 3683 242 55245
120.69225684233587 33.988971559333365 2.018927812576294 3754 72 55488
121.2309618062003 33.50763596775814 2.399653196334839 3757 408 55508
121.3561168830594 7.346468690897491 2.1092705726623535 4843 964 55860
121.86506200731054 22.92251694737528 2.2876369953155518 4469 378 55863
122.2432723487185 20.251766441554537 2.2218234539031982 4481 254 55630
122.32077066854853 5.66166616341421 2.31931209564209 4763 582 55869
122.7195167678402 44.133782387905526 2.2584104537963867 4526 6 55559
123.21644320134567 20.123200077149125 2.544064998626709 4486 600 55588
123.21644320134567 20.123200077149125 2.408242702484131 4486 600 55588
123.3478145002207 3.059812787514991 2.497532606124878 4787 650 55863
123.3478145002207 3.059812787514991 2.338738441467285 4787 650 55863
123.54484998195576 44.61858861243939 2.1952297687530518 3691 116 55274
123.59274574259489 30.03843483337269 2.1276891231536865 4447 332 55542
123.70441554173114 14.269118420562233 2.5752413272857666 4504 677 55571
123.86277910476223 43.23322264059421 2.028798818588257 6379 192 56340
123.97817270747885 37.11638731374134 2.1330575942993164 3804 936 55267
124.05042912630964 52.65752850991438 2.420156955718994 3701 168 55540
124.2579481061504 38.993420327972395 2.1162326335906982 3805 198 55269
124.40453912415302 7.289982186917586 2.0313751697540283 4841 551 55895
124.47607093385086 16.40047734035703 2.1156716346740723 4498 680 55615
124.59459055402809 22.190315317820016 2.1925084590911865 4479 777 55592
124.67500831491179 38.512694628498835 2.3584792613983154 3805 142 55269
124.67500831491179 38.512694628498835 2.3584635257720947 3760 594 55268
124.75528743172208 22.94109713995666 2.2471327781677246 4479 798 55592
126.51385298436799 34.46685879318988 2.034514904022217 4442 678 55532
126.71937205374533 43.78673836775688 2.462002754211426 6380 77 56340
126.76298579921257 38.55960855115325 2.0253303050994873 3763 507 55508
127.08140262411439 54.90410306360132 2.437319755554199 7277 638 56748
127.16552973582766 41.28976904503318 2.3498904705047607 3808 272 55513
127.19006245151519 13.05065769097838 2.1395814418792725 4503 208 55563
127.24990179073413 50.08092416232521 2.2915406227111816 3696 708 55277
127.25580467465667 44.97284316921464 2.0728023052215576 5159 198 55856
127.30099327054495 16.312052557808716 2.4047794342041016 4496 734 55544
127.81134520500757 31.442207545743543 2.3794238567352295 4445 458 55622
127.46280352913583 29.245511810520746 2.432720899581909 4449 366 55544
127.78342314026891 40.42528970910166 2.0841126441955566 3761 917 55272
127.81134520500757 31.442207545743543 2.3794238567352295 4445 458 55622
127.8981076248553 35.55694200232628 2.3901724815368652 3762 98 55507
128.02267840095672 42.5066845072818 2.2496275901794434 3808 902 55513
128.14721007822553 35.47354819011173 2.163073778152466 3762 60 55507
128.20272499520698 53.514224952050334 2.262575149536133 5156 344 55925
128.22104209797544 31.042032181033424 2.2507073879241943 4445 368 55869
128.26385819244788 35.59998197944284 2.197737216949463 3762 55 55507
128.57333710920415 50.13159729682695 2.1274185180664062 3697 400 55290
128.6316910134517 36.337740037535404 2.170840263366699 3762 970 55507
128.71297860533895 54.29410662438561 2.2616946697235107 5156 780 55925
129.10321457244424 24.748665788061846 2.120574712753296 4460 202 55533
129.31739869309783 61.37752531296233 2.47601056098938 5707 912 56269
129.53720153751848 9.277865242672613 2.4260754585266113 5284 264 55866
130.1410080281355 5.440558032597885 2.1397461891174316 4903 220 55927
130.43682523539437 3.647724485231776 2.0149593353271484 3809 196 55533
131.17811056848234 38.89967088862883 2.3260765075683594 3765 818 55508
131.20097976788773 8.18192282644203 2.3052866458892822 5289 620 55893
131.26203534470443 20.147454734452225 2.2374536991119385 5176 651 56221
131.36040678141725 41.51619314571855 2.2138113975524902 4606 274 56223
131.36693263451767 25.412181861562466 2.4008450508117676 5180 740 55947
131.9870018619009 51.766397363910166 2.283466100692749 7294 456 56739
132.16076373389689 37.76159087646279 2.265845537185669 4609 718 56251
132.52132444199535 43.15697449273668 2.279921293258667 6384 165 56363
133.61665597648278 43.891489597091194 2.171523094177246 6385 317 56356
134.01009461651716 28.724416744545124 2.2915539741516113 5182 266 56341
134.17320677097132 42.71500003749522 2.1027300357818604 4604 760 55983
134.32375695716732 14.167852738159128 2.157905101776123 5293 784 55953
134.3622877643559 33.22143111244032 2.269012689590454 5812 426 56354
134.38294555750622 36.91293130038688 2.0596818923950195 4608 374 55973
134.805833804119 -0.5582393883533631 2.0803587436676025 3815 72 55537
134.98982379966955 24.412076463144114 2.2418665885925293 5179 84 55957
135.03289039543947 23.581322658582053 2.2610597610473633 5776 614 56010
135.04522811631784 18.091745552144026 2.192234754562378 5175 50 55955
135.666212865661 39.95744265134827 2.5534303188323975 4605 320 55971
135.75518693176957 53.887704424283974 2.2914466857910156 5728 334 56334
135.78221089137799 22.49225863183472 2.3091559410095215 5776 292 56010
136.16458222295643 22.180652644878023 2.241837739944458 5773 958 56009
136.78164527640547 11.373127463809888 2.3867876529693604 5302 513 55896
136.78164527640547 11.373127463809888 2.338040828704834 5302 513 55896
136.91211988292747 39.553378619825104 2.1460158824920654 4605 60 55971
137.4114861844405 23.170031267204426 2.240675926208496 5775 470 56009
137.69916344695852 -1.6095967426182138 2.4474847316741943 3780 200 55240
137.82398209041767 -0.5640103820967236 2.370100975036621 3780 864 55240
137.83920030227455 10.037420961737316 2.0007753372192383 5302 294 55896
138.0282675449987 33.185953300581446 2.4012935161590576 5811 302 56334
138.7690938077097 36.11419215423788 2.52189302444458 4644 606 55922
139.06839978160738 15.472858392751508 2.436701536178589 5305 650 55984
139.2750179744825 13.141431659601865 2.2511093616485596 5303 894 55980
139.49731225056044 7.077039616458218 2.3748676776885986 4870 584 55923
139.77157473948554 20.52931260209307 2.3494231700897217 5771 296 56011
139.99425415945277 50.47747696596889 2.4285147190093994 5730 302 56607
140.3802631546523 15.410984185033456 2.5192763805389404 5305 882 55984
140.48613079906758 44.03592088017011 2.3561153411865234 4687 14 56369
140.58750055956446 29.003526368215763 2.0177955627441406 5804 55 56304
140.58750055956446 29.003526368215763 2.017622947692871 5797 742 56273
140.8346183874653 42.81131674154755 2.1174209117889404 4639 780 55944
140.95302074643496 33.29426980238318 2.06939697265625 5810 252 56358
141.26615903170642 10.032685031688725 2.163379192352295 5309 664 55929
141.26615903170642 10.032685031688725 2.1631550788879395 5306 54 55926
141.8281157787292 -1.4327188546160627 2.1458940505981445 3781 848 55243
142.31041736030366 28.424763420026885 2.3128533363342285 5803 164 56272
142.32213570927152 5.383973559109758 2.2610201835632324 4871 368 55928
142.3600656125381 20.313966536622264 2.1104683876037598 5767 914 56245
142.38907766431404 30.96824209157762 2.452320098876953 5807 372 56329
142.569949423815 20.4665450004936 2.1001293659210205 5767 952 56245
142.74021362190172 6.964679714164117 2.072113513946533 4871 737 55928
143.78127169597508 19.31447304336197 2.440310478210449 5766 718 56248
143.78127169597508 19.31447304336197 2.3143601417541504 5766 718 56248
143.84561828584282 9.415224660802105 2.175539493560791 5314 718 55952
144.05485166989163 9.60847131836016 2.394545555114746 5314 756 55952
144.129113539326 6.018003122462868 2.2280166149139404 4871 54 55928
144.51186624667832 11.235469731779652 2.291836738586426 5316 660 55955
144.59821942856837 33.76956119079195 2.2191178798675537 5805 152 56336
145.32576041937523 14.141055776752529 2.259453773498535 5318 622 55983
145.34405353510405 7.575496615684285 2.2877092361450195 4872 794 55944
145.42008700343007 1.215209373686468 2.3425302505493164 3826 768 55563
145.42008700343007 1.215209373686468 2.342637538909912 4736 254 55631
145.50851768220957 4.379040177681108 2.30623197555542 4797 80 55662
145.52134015374992 20.599797622088463 2.072838068008423 5786 214 56251
145.58676629849043 31.747313883885052 2.2963733673095703 5806 274 56310
145.81260833571534 28.804664415210418 2.260279893875122 5802 45 56309
145.81260833571534 28.804664415210418 2.2602856159210205 5795 786 56298
145.97417115992357 43.34957335277444 2.3481364250183105 4569 612 55631
146.47915091101459 23.094088223297337 2.3647637367248535 5788 178 56255
146.543491131488 23.219955119440584 2.360081195831299 5788 141 56255
146.67301229992674 40.831031796515276 2.2537271976470947 4571 932 55629
146.94348949784373 6.997229693575805 2.1316306591033936 4873 658 55926
146.94348949784373 6.997229693575805 2.2417845726013184 4873 658 55926
147.01746298669943 59.84727023934838 2.384629726409912 5719 436 56014
147.06985668721285 4.035410582543365 2.013444185256958 4798 58 55672
147.08812116959285 45.43018367742799 2.076507329940796 7308 293 56709
147.27519628644757 1.2138648132644902 2.0419278144836426 4743 308 55645
147.3099491037023 49.25054051916184 2.349863290786743 5739 522 55976
147.96237921448804 18.920078613454596 2.1182098388671875 5783 33 56017
148.39566866446194 0.623448492944238 2.285432815551758 3828 602 55539
148.40130374396108 18.839556410613493 2.082759380340576 5782 344 56272
148.5035350932846 38.34650056924174 2.0479698181152344 4570 420 55623
148.5634275312715 14.060710164505503 2.0422637462615967 5323 786 55957
148.5634275312715 14.060710164505503 2.0423450469970703 5325 418 55980
148.58032140473557 9.09375832608797 2.509816884994507 5324 712 55947
148.64556473867165 9.255453279967501 2.441586494445801 5324 704 55947
148.64556473867165 9.255453279967501 2.2397208213806152 5324 704 55947
148.90624380405373 9.27735597776474 2.4333693981170654 5324 786 55947
148.90810308510956 33.584429966356375 2.0953943729400635 5793 304 56337
149.1122301775362 13.88829807641146 2.338744640350342 5325 290 55980
149.34508235241935 62.39303543032557 2.142462730407715 5722 254 56008
149.41366369224124 47.10052465366332 2.0622663497924805 6663 574 56338
149.57421966588836 49.77175751263529 2.2909305095672607 5739 876 55976
150.9605560663312 14.589879352480587 2.1234819889068604 5330 450 56000
151.1453717989901 18.009591927788936 2.3709726333618164 5882 242 56029
151.32338023730787 61.90489036592504 2.2685980796813965 7081 667 56684
151.43882247105066 30.14118040715898 2.6780567169189453 6469 565 56328
151.70234402414013 17.770356279980145 2.5284180641174316 5332 590 55981
151.80946649709358 28.131237641661617 2.282564878463745 6471 926 56309
151.9520915528218 19.87266568678415 2.140021800994873 5893 363 56034
152.01562571086157 34.42230873021111 2.5841946601867676 6460 684 56334
152.51444077175796 40.631912230449224 2.044217824935913 4566 78 55630
152.611292240269 25.62892003022537 2.4252285957336426 6466 808 56310
152.79676987095928 34.26352860123556 2.019456148147583 6460 890 56334
152.79676987095928 34.26352860123556 2.019447088241577 5745 843 55998
152.80844693595543 27.27654312108577 2.3016130924224854 6470 352 56334
152.89902209047028 15.236493026309097 2.0005033016204834 5330 972 56000
153.20592032010347 3.924008366836747 2.0815722942352295 4801 222 55653
153.4825207538619 6.432216295119964 2.392669677734375 4875 30 55677
153.5329374233604 31.398624815538906 2.2583675384521484 6461 104 56329
153.73714845535793 -0.6985376730309307 2.0939512252807617 3784 668 55269
153.92296157750647 21.685586652753354 2.282986640930176 5872 570 56027
154.11215625251745 6.018976100217915 2.0939769744873047 4876 262 55679
154.11215625251745 6.018976100217915 2.057882785797119 4876 262 55679
154.3691054980161 58.14292174658268 2.1546573638916016 7086 756 56658
154.4247729380806 3.863988718462447 2.328005075454712 4802 490 55652
154.48339485128787 15.766709314225267 2.1627068519592285 5335 834 56013
154.52618183165993 31.107571689663697 2.4591619968414307 6455 468 56370
154.9772402073453 8.420853053755728 2.5125865936279297 5339 353 55922
154.9772402073453 8.420853053755728 2.31614351272583 5339 353 55922
155.09908414879388 10.897714014309917 2.069481611251831 5336 890 55957
155.12449606287822 27.55797571586715 2.3572044372558594 6463 612 56340
155.37624328598292 16.50234805427965 2.19954514503479 5337 270 55987
155.43578345622407 37.26483936577391 2.059940814971924 4563 214 55617
155.473906192338 20.592553685788104 2.305689811706543 5872 106 56027
155.88995809194296 55.141543966944916 2.0300614833831787 6696 734 56398
155.95397193488566 36.90647555700899 2.2958316802978516 4564 702 55570
155.95591006943607 9.752747479856614 2.061544179916382 5341 386 55931
155.95591006943607 9.752747479856614 2.0615267753601074 5339 866 55922
156.03849331268805 25.463300794778803 2.0660958290100098 6465 990 56279
156.06475220291867 18.154582381298813 2.0117032527923584 5884 256 56046
156.06700227981432 56.708519238178326 2.4384772777557373 7086 66 56658
156.10230866651446 58.96562876294212 2.664318323135376 7089 478 56661
156.23588388592327 18.319098766029857 2.298079490661621 5884 230 56046
156.30645306013542 56.93670709125715 2.2092678546905518 7086 34 56658
156.5122960218972 40.799699270058674 2.2825441360473633 4558 684 55569
156.55173763553304 32.132336153592405 2.1744577884674072 6455 924 56370
156.70660571567777 58.35053042208045 2.2684452533721924 7089 374 56661
157.3011729709974 0.33513944598933143 2.049708843231201 3832 814 55289
157.42109594273376 10.44060058727342 2.051079750061035 5341 888 55931
157.587274600106 20.50276896392811 2.2465927600860596 5873 230 56035
158.16629124756003 13.473505750001 2.3485705852508545 5343 878 55999
158.18894755384338 1.8235220544675266 2.210144519805908 4739 32 55644
158.36317899786508 23.967582048020134 2.252164602279663 6425 788 56298
158.40609003539765 29.206430282838696 2.2679502964019775 6456 74 56339
158.5368604417144 18.674255129816423 2.286102294921875 5885 310 56036
159.28508933256796 47.35954199177411 2.2041070461273193 6657 600 56366
159.3374538712274 11.354949257772894 2.0007400512695312 5346 812 55955
159.77660467797472 41.76864039175125 2.5412518978118896 4632 138 55644
159.83819153356956 63.74333581189565 2.2324106693267822 7097 826 56667
159.84819524864042 10.649820019624483 2.451909303665161 5346 931 55955
159.84819524864042 10.649820019624483 2.419222593307495 5346 931 55955
160.03268703089532 60.217738904968485 2.3807363510131836 7096 412 56683
160.06442949847968 32.27381633170277 2.092423439025879 6447 184 56362
160.1935288398435 0.9974713537504077 2.2619688510894775 3834 560 56014
160.1935288398435 0.9974713537504077 2.2619688510894775 3834 560 56014
160.25569714060475 10.714374906054609 2.0865142345428467 5346 994 55955
160.39563288124566 31.308735696302943 2.4804842472076416 6448 326 56365
160.7825460599193 21.55807697582147 2.236887216567993 5874 908 56039
160.84843154031012 4.371822830744974 2.0118181705474854 4773 158 55648
161.22972364196704 7.076117101789621 2.2904629707336426 4853 667 55928
161.27228053724522 23.146561314834404 2.537506580352783 6426 880 56334
161.31081263472447 59.61880243960572 2.2209346294403076 7096 322 56683
161.31087061359008 29.186071652845886 2.5658419132232666 6452 12 56366
161.31087061359008 29.186071652845886 2.370664119720459 6452 12 56366
162.2283911411248 53.39409917133682 2.105008363723755 6703 878 56636
162.56963223265376 5.296318156413096 2.2281224727630615 4774 680 55659
162.7236937512939 20.96181700854857 2.310713529586792 6427 376 56328
162.73582747542903 16.122909449733505 2.2377748489379883 5352 184 56269
162.73582747542903 16.122909449733505 2.372429370880127 5352 184 56269
162.73582747542903 16.122909449733505 2.465517044067383 5352 184 56269
162.7550539458445 15.540803598490488 2.182018518447876 5352 206 56269
162.9312023316308 34.80802386031547 2.031707763671875 4631 478 55617
163.1346196890657 7.993109097752827 2.0017755031585693 5354 174 55927
163.1678853749643 16.883474318760655 2.164883613586426 5352 898 56269
163.2598307797371 41.09191572953171 2.03114914894104 4629 822 55630
163.2598307797371 41.09191572953171 2.03117036819458 4628 98 55646
163.50911438989334 26.44442447525512 2.297098159790039 6437 780 56340
163.5686166492403 51.456811411092396 2.2541770935058594 6706 417 56385
163.82264215200576 8.005431151806109 2.223353624343872 5354 54 55927
163.84127837461614 8.01727932873167 2.266951322555542 5354 57 55927
164.12400149875975 31.083429910302794 2.049359083175659 6445 40 56366
164.25713803203897 42.9990994664995 2.1856653690338135 4689 286 55656
164.43048361347726 52.113043371697195 2.197596549987793 6706 320 56385
164.4352250207578 6.4873316172043705 2.499558687210083 4854 854 55685
164.46962675798915 15.103933178391426 2.0754787921905518 5355 920 56009
164.50582916035404 8.58337670437664 2.3716177940368652 5359 630 55953
164.50665852851813 60.622426824308064 2.4916343688964844 7096 12 56683
164.53295740260629 16.062448549170767 2.3014047145843506 5358 346 56016
164.5968578114603 17.726764383615972 2.2390284538269043 5887 98 56035
164.63640661337323 64.63149279108396 2.3100693225860596 7105 164 56740
164.645414308169 20.980505491729698 2.4827311038970947 5876 758 56042
164.67065194905825 33.35317912390006 2.1155810356140137 6442 724 56369
164.86887211674264 1.2381270722457183 2.512401580810547 3836 670 55302
165.7323025253392 20.91476109816896 2.3012197017669678 6428 324 56279
165.81172618021805 18.685426034194794 2.500638484954834 5888 600 56041
165.8679944134898 35.92870500814294 2.437065362930298 4626 256 55647
165.91137055271577 8.683654950156527 2.046630620956421 5359 928 55953
165.93958235014793 8.65202486415568 2.164870262145996 5359 932 55953
166.26576194749393 17.84684584557349 2.1301677227020264 5888 356 56041
166.534627119224 9.287373562063076 2.0276966094970703 5361 253 55973
166.54734484142645 29.49248570098032 2.1080753803253174 6443 97 56367
166.57614526323823 29.77680026645202 2.436591148376465 6443 102 56367
166.58838466168055 15.376704780314114 2.073962926864624 5360 864 55983
166.78506816780555 4.604980774566748 2.601491689682007 4770 574 55928
166.85853341984082 38.86618224952911 2.3286020755767822 4621 433 55649
166.898222091316 64.33585207417882 2.0892624855041504 7110 476 56746
166.96063585113126 42.983148016654695 2.266371488571167 4685 268 55657
167.78419670763185 9.9205515785606 2.095585823059082 5361 4 55973
167.78419670763185 9.9205515785606 2.095585823059082 5361 4 55973
168.21468257725977 29.612278282653016 2.1854801177978516 6441 262 56364
168.22291905739297 47.39012147151839 2.063448190689087 6686 578 56389
168.36709354109115 23.855533333866155 2.217118263244629 6419 32 56331
168.39648591968222 38.86724206564658 2.2447404861450195 4621 188 55649
168.87683880325667 31.750813409553288 2.0727953910827637 6440 49 56370
168.877671732173 21.31578199891243 2.1849753856658936 6429 230 56274
171.10880254031957 31.26737489086965 2.3004631996154785 6438 55 56367
169.0996846852757 26.056635194397362 2.0136005878448486 6408 406 56329
169.37172352280888 10.684703691273652 2.2064666748046875 5366 868 55958
169.37172352280888 10.684703691273652 2.207336187362671 5368 448 56001
169.57678840328623 23.450187001296392 2.2966039180755615 6420 686 56304
169.83709176432816 26.830337784589517 2.1680753231048584 6408 264 56329
169.8961920295726 19.773879665997033 2.532411575317383 5878 692 56033
169.9364454807999 33.37526689366019 2.492323637008667 4623 161 55621
169.98146680473502 27.911748066686695 2.073079824447632 6408 806 56329
170.10571757316956 46.40806378544692 2.3645334243774414 6686 110 56389
170.2385298717407 16.001746533718386 2.4191112518310547 5367 770 55986
170.28646396677988 38.48694492569138 2.18704891204834 4617 360 55617
170.345998032021 36.04131187744191 2.3123483657836914 4618 438 55600
170.35261965241426 29.365606723891627 2.30780029296875 6434 396 56362
170.42767288513178 26.208074991013657 2.0679163932800293 6408 128 56329
170.52025698826355 48.454803290027776 2.104917526245117 6685 500 56412
170.68644472005212 49.0598365120882 2.0399155616760254 6685 580 56412
170.7894151781682 25.319413899582823 2.48172664642334 6414 692 56306
170.90520736982546 8.897384837044449 2.270338535308838 5371 371 55976
171.19197994021954 35.60433549109012 2.163666248321533 4618 300 55600
171.32254297627864 15.894697521283073 2.2948124408721924 5367 970 55986
171.5659937472892 28.79909411739481 2.3894643783569336 6434 134 56362
171.5659937472892 28.79909411739481 2.3012101650238037 6434 134 56362
171.58718470534293 31.860045121018747 2.1086931228637695 6438 10 56367
171.7008027789239 19.90425396036051 2.444913625717163 5879 524 56047
171.8360368260381 16.56588532447292 2.305388927459717 5890 252 56037
171.9266367736919 54.54677947747368 2.5679004192352295 7093 42 56657
171.95145020065416 10.391368008541237 2.4440441131591797 5372 408 55978
172.0526376236523 7.067081839299413 2.2052290439605713 4849 814 55945
172.08471601860975 18.173340351192866 2.037609577178955 5890 806 56037
172.16524991057867 39.62795427972745 2.099256992340088 4655 459 55620
172.2704519308603 20.191965576339534 2.0124759674072266 6430 8 56299
172.3591291342418 34.8936233953467 2.000415563583374 4615 448 55618
172.3591291342418 34.8936233953467 2.3613572120666504 4615 448 55618
172.39404360119255 25.691337490702246 2.1220993995666504 6409 204 56306
172.39404360119255 25.691337490702246 2.429701328277588 6409 204 56306
172.6591453793369 10.244853160507965 2.221705436706543 5372 250 55978
172.78367476545705 25.512224418675842 2.1236319541931152 6415 554 56310
172.87671674496067 60.73918337353905 2.364840030670166 7107 430 56740
172.87671674496067 60.73918337353905 2.3495166301727295 7107 430 56740
172.89483774386758 27.642606214745317 2.276854991912842 6409 879 56306
172.8956363230978 27.013983968718755 2.2628297805786133 6409 894 56306
173.13722596169384 5.086424724675774 2.2912638187408447 4768 842 55944
173.13722596169384 5.086424724675774 2.2914040088653564 4767 416 55946
173.68423306822712 34.15939551067231 2.627272844314575 4619 995 55599
173.83498267973405 -0.1815440677454732 2.207045316696167 3840 148 55574
173.8683578964731 10.102684806267431 2.388223886489868 5375 768 55973
173.95392318525572 32.02531448564913 2.4863526821136475 4616 368 55617
174.00413974333082 65.42607748004109 2.0805792808532715 7114 178 56748
174.345178128716 54.69869353839202 2.31347918510437 6697 740 56419
174.39054669898127 50.445712039187754 2.2376551628112793 6684 613 56412
174.43583468711347 30.170163056492072 2.2309036254882812 6433 384 56339
174.45152265919774 31.238343586349973 2.4456238746643066 6433 602 56339
174.46312114070403 15.984789378459402 2.041184425354004 5891 164 56034
174.593333417042 49.66546853952054 2.103083848953247 6684 390 56412
174.60392258354136 35.774776077118375 2.487297773361206 4615 78 55618
174.68194553206806 51.14406966850494 2.5670032501220703 6690 286 56416
174.85383504151937 -2.631859026031363 2.091026544570923 3775 254 55207
175.01998460634138 12.715060813352135 2.1859538555145264 5379 710 55986
175.0910973227142 13.600503842286207 2.1512136459350586 5376 958 55987
175.1631861883605 46.46631541672608 2.4147164821624756 6645 634 56398
175.1631861883605 46.46631541672608 2.3954193592071533 6645 634 56398
175.20719047676096 62.720443114887345 2.2480733394622803 7113 84 56711
175.73528438860706 7.810557534955245 2.3168976306915283 5377 900 55957
175.8441731008974 42.29642107133463 2.0297865867614746 4698 678 55623
175.94244329010246 64.39736268739816 2.2854013442993164 7112 472 56666
175.96846949378454 37.78449516622694 2.485292911529541 4653 696 55622
176.04207826525135 3.4003885052658918 2.2494921684265137 4729 584 55626
176.15271418346265 9.984706264405185 2.0920424461364746 5380 739 55980
176.15741131420543 48.289084479667174 2.4382894039154053 6678 804 56401
176.3091067541224 39.78777129022641 2.4844307899475098 4654 812 55659
176.41531281278756 49.44340562318227 2.14704966545105 6684 138 56412
176.4304480707438 14.581666978056136 2.4030838012695312 5381 716 56009
176.6208597208486 36.19396451274238 2.1561360359191895 4653 214 55622
176.7801486252523 4.653550315698424 2.1981616020202637 4766 996 55677
177.03967887806812 20.53092201831415 2.0490119457244873 6432 854 56309
177.41204396518262 63.96164874246175 2.0389187335968018 7112 334 56666
177.54459052574182 42.67533935504497 2.2536892890930176 6639 523 56385
177.71550780770548 15.908726660317377 2.5179548263549805 5383 694 56013
177.8770143546531 35.60694855330103 2.5761070251464844 4650 392 55648
178.09077000023396 24.42997672177775 2.04437518119812 6404 567 56330
178.48067117218991 19.521996855880698 2.0961334705352783 5881 840 56038
178.59238262763938 53.99941043713678 2.422527313232422 6689 760 56396
178.72303242107307 39.17592930098662 2.266413927078247 4697 313 55660
178.7506990594755 37.443069817631546 2.1490259170532227 4652 262 55672
178.8866054314613 39.643871732309485 2.5161569118499756 4697 323 55660
178.9315275475819 44.50476268126116 2.2201573848724365 6642 316 56396
178.9335368658198 9.212298850450058 2.4093711376190186 5385 274 55960
179.0124242485901 26.300516593260117 2.292052984237671 6411 74 56331
179.0671873303815 29.25313931789919 2.4454948902130127 6402 718 56334
179.07656580142879 17.560274761336874 2.3568058013916016 5881 46 56038
179.1031694388347 37.889482109852686 2.2984910011291504 4652 192 55672
179.6770394579014 37.28040346311832 2.4855728149414062 4652 92 55672
179.79988522681487 52.65423776377246 2.384723663330078 6689 105 56396
179.95468002046061 16.480915554277892 2.046172618865967 5871 138 56041
180.0618386380865 28.50831868750507 2.0641772747039795 6402 967 56334
180.13472546370394 49.33111862793098 2.4340627193450928 6677 892 56385
180.35475983296436 14.026208940040588 2.3981704711914062 5387 208 56009
180.6271694770623 64.525052964903 2.069387435913086 7112 38 56666
180.92264955816705 34.941717318518414 2.1118075847625732 4610 396 55621
181.06953369681273 2.3530559724683293 2.4405150413513184 4748 400 55631
181.16483199029435 22.945363907790647 2.292931318283081 5969 898 56069
181.4692566048364 47.905753398990385 2.244259834289551 6672 400 56386
181.4787970875621 55.54338434208825 2.029778480529785 6688 666 56412
181.4787970875621 55.54338434208825 2.4905238151550293 6688 666 56412
181.53729546504357 8.314189892353903 2.3206324577331543 5389 934 55953
181.55452909933229 52.52737310565093 2.4795806407928467 6682 641 56390
181.5688913930447 45.1490657998782 2.1674182415008545 6641 340 56383
181.69276448468128 5.101257646374919 2.3284196853637695 4831 184 55679
181.8309239109445 7.6848325130721875 2.268569231033325 5389 30 55953
181.95836584851418 23.55694517712165 2.14400577545166 5970 163 56072
181.95836584851418 23.55694517712165 2.143986701965332 5970 165 56046
182.0110222666139 63.05805538465197 2.443650722503662 6974 371 56442
182.17912003617744 6.787871334793917 2.126149892807007 4831 910 55679
182.30556769302706 45.47235575689385 2.4731850624084473 7427 298 56751
182.50216536502637 3.1613161774895056 2.258049726486206 4748 920 55631
182.50216536502637 3.1613161774895056 2.258356809616089 4749 408 55633
182.66420148793316 16.144245909606433 2.0263431072235107 5392 708 56010
182.69444632739317 29.17534431262629 2.2779476642608643 6472 248 56362
182.75224853571103 10.571471888084414 2.2880146503448486 5391 912 56000
182.81478334041847 47.781004715967555 2.0849223136901855 6672 194 56386
182.87906353631064 14.222602745364489 2.430043935775757 5395 502 56003
182.93495650356095 37.78910858984287 2.132232189178467 4701 434 55709
183.03974048291406 23.0439493942797 2.285994529724121 5974 716 56314
183.13149367081184 64.7495681265722 2.4623515605926514 6974 708 56442
183.13149367081184 64.7495681265722 2.4624459743499756 6975 241 56720
183.15998101996925 67.98913236359934 2.26406192779541 6966 727 56748
183.15998101996925 67.98913236359934 2.2226428985595703 6966 727 56748
183.22956131757707 0.12169943151215018 2.4516677856445312 3845 78 55323
183.3347701992539 45.37719674697994 2.17581844329834 7427 135 56751
183.34812636486723 48.64669227594564 2.2517142295837402 6671 492 56388
183.41401896563656 8.65211132647636 2.20137095451355 5393 840 55946
183.59591628000578 2.714680760834569 2.1908581256866455 4750 580 55630
183.72876219408144 8.514286155571044 2.358815908432007 5393 884 55946
183.74415674828253 13.697637134392066 2.2867586612701416 5395 642 56003
183.7978974470625 5.702019202918925 2.4897215366363525 4832 385 55680
183.83276598955604 37.49197585088821 2.234475612640381 4701 265 55709
183.8691963513664 41.56026022004099 2.2702114582061768 6633 424 56369
183.95429873893295 43.739992079783384 2.1114110946655273 6638 18 56370
183.95429873893295 43.739992079783384 2.111445903778076 6637 384 56370
183.9701812366281 52.484100781578455 2.042191982269287 6682 929 56390
184.05690616794098 43.84009834172296 2.3574023246765137 6638 20 56370
184.10265730723327 25.437088469279768 2.541386842727661 5975 732 56334
184.1687653030835 60.26608386558159 2.0721476078033447 6972 42 56426
184.29451530662334 20.720753446700183 2.2265543937683105 5978 312 56073
184.47352916439212 5.886041080856686 2.195248603820801 4832 278 55680
184.54960424769388 9.777430889052928 2.0634608268737793 5396 728 55947
184.57924827944726 42.2756577179391 2.1320722103118896 6633 734 56369
184.70028599151186 50.23389638322519 2.1641228199005127 6671 668 56388
184.81728636224733 46.01002009668578 2.130629301071167 6640 308 56385
185.1676498232207 9.39082297985903 2.2300069332122803 5396 156 55947
185.36721391786125 22.810724528217055 2.180530548095703 5979 380 56329
185.45246796185677 49.70543161213006 2.4286656379699707 6675 348 56415
185.54794046066516 56.89228643919692 2.196855068206787 6837 388 56442
185.6373701098846 50.647044641709385 2.087653875350952 6675 336 56415
185.7234335644834 20.321669797739315 2.150989055633545 5850 664 56042
185.7916603413393 29.19551043360515 2.2316198348999023 6474 470 56362
185.84915649480934 8.752669079092028 2.141437530517578 5397 794 55944
186.062699002786 38.11605091062762 2.531996726989746 3967 370 55704
186.24181783963246 10.383516558861725 2.3108131885528564 5399 130 55956
186.26465486220835 12.088439330868155 2.1307308673858643 5399 884 55956
186.31452604011037 47.19927685553452 2.2634639739990234 6667 510 56412
186.31785179211585 27.391127256911677 2.1808364391326904 5976 836 56356
186.43132290040188 36.52244988022041 2.0566482543945312 3965 300 55302
186.51209954119852 3.4298183741841246 2.4891467094421387 4752 626 55653
186.51209954119852 3.4298183741841246 2.508004903793335 4752 626 55653
186.52997199510898 17.61386757115166 2.5577852725982666 5852 354 56034
186.52997199510898 17.61386757115166 2.5935373306274414 5852 354 56034
186.61224049460708 43.292066285108326 2.1215853691101074 4705 602 55705
186.65729890977732 10.556613334509455 2.0071327686309814 5401 636 55949
186.65729890977732 10.556613334509455 2.0073981285095215 5399 44 55956
186.72662712246205 -0.908504701829656 2.291266441345215 3792 716 55212
186.7630867515478 10.520696197723174 2.2813518047332764 5401 676 55949
186.76919017522718 0.6654104242937496 2.281618595123291 3847 804 55588
186.84685517329655 24.494145967013818 2.3566458225250244 5980 322 56338
186.8892450820269 36.69841010267847 2.4434165954589844 3965 182 55302
186.9355457117976 -1.0314685404841175 2.055049419403076 3792 758 55212
186.95489487872823 44.2740963493439 2.267247438430786 4705 628 55705
187.0285764137914 34.07978804193861 2.1557118892669678 3966 214 55571
187.20090590332208 -1.070691725296175 2.262789726257324 3847 130 55588
187.39493340960496 10.589008953330604 2.4125256538391113 5401 830 55949
187.40700597551347 30.497890789397502 2.2423694133758545 6474 796 56362
187.44827657769468 5.883340487652775 2.21207857131958 4833 158 55679
187.56897527880412 57.881552686681275 2.2724573612213135 6837 856 56442
187.65290055630533 48.885627330599206 2.2953009605407715 6670 436 56389
187.6731743078006 51.5586320335233 2.065516948699951 6674 536 56416
187.72612072246372 10.051865528348754 2.0795834064483643 5401 934 55949
187.81208608215326 18.06583509405396 2.1606640815734863 5852 888 56034
187.91701790138757 10.234073219603982 2.533870220184326 5401 978 55949
188.3128193575364 23.679102190444162 2.1540799140930176 5983 280 56310
188.334271616946 17.17856108515406 2.1237547397613525 5852 32 56034
188.39437793940846 13.025826188394811 2.3951072692871094 5405 452 56010
188.39437793940846 13.025826188394811 2.3950886726379395 5403 806 55979
188.48010365461448 10.657334616092601 2.1755118370056152 5403 123 55979
188.62497782147722 50.17936352218579 2.289362907409668 6670 714 56389
189.0695952409718 14.593040030334276 2.0708889961242676 5404 84 56013
189.10945071466753 10.52590801161322 2.0837910175323486 5406 724 55955
189.21720102336786 24.06571748025313 2.158687114715576 5983 932 56310
189.2326638184827 44.22641992076106 2.317753314971924 6636 60 56367
189.2326638184827 44.22641992076106 2.3177385330200195 6617 523 56365
189.2825741047258 9.26175115029059 2.359844207763672 5406 258 55955
190.04953331559065 -0.4007717583773383 2.1227400302886963 3849 496 55274
190.08313186397365 23.238341418386696 2.1740336418151855 5986 412 56328
190.1018051705891 29.029272470062526 2.3068392276763916 6478 220 56341
190.1018051705891 29.029272470062526 2.3069000244140625 5968 624 56356
190.13203619269387 10.524880874136601 2.0945541858673096 5406 926 55955
190.21741065998447 27.214658202110723 2.5251426696777344 5984 784 56337
190.49528302743477 14.566671955354817 2.121168375015259 5408 244 56038
190.5262501712612 13.311480899038981 2.024240732192993 5405 1 56010
190.65529968056478 59.229763904117 2.392768383026123 6836 752 56443
191.31918803478885 22.296666509108555 2.520260810852051 5988 580 56072
191.66821457405547 11.217479283535802 2.6364636421203613 5411 782 55953
192.13337538672772 6.571723757758094 2.0004429817199707 4835 842 56016
192.3418693212867 38.348003371475265 2.256481647491455 3972 190 55589
192.54371442555515 9.372801737147014 2.0634231567382812 5411 64 55953
192.72962066349663 53.46271971705083 2.448632001876831 6673 662 56419
192.83912818660903 30.258009463092016 2.3156490325927734 6481 854 56363
192.85636275943733 51.53475934019816 2.369502067565918 6673 318 56419
193.21668186307443 32.98355773106924 2.4997541904449463 6485 766 56342
193.2184401645402 47.09372000492396 2.2944979667663574 6665 442 56390
193.2184401645402 47.09372000492396 2.294431447982788 6666 64 56371
193.32751452183913 42.73519963248247 2.0750248432159424 6619 332 56371
193.5801184679544 46.21264841455912 2.283740282058716 6618 578 56401
193.66001113365024 4.503040659737636 2.229214906692505 4757 802 55653
193.79026229437616 57.315714925389656 2.4290895462036133 6831 683 56426
193.85695232655553 3.0884730715510247 2.1143102645874023 4757 172 55653
193.9055343965057 52.03914406232606 2.4062302112579346 6673 218 56419
193.95726032384866 19.643927071023498 2.1874399185180664 5859 702 56065
193.99633022053192 25.40247514061601 2.3084278106689453 5972 408 56334
194.15086752128582 30.53432804720537 2.0143659114837646 6484 652 56358
194.16166894997303 43.10233932544939 2.458186626434326 6619 212 56371
194.25665357559825 54.98524125149769 2.2961504459381104 6679 842 56401
194.30321839557726 23.43364220367764 2.52807879447937 5990 583 56066
194.30699153922956 28.98203451686919 2.303636074066162 6483 536 56341
194.56812382764872 54.37975123033451 2.029236078262329 6679 156 56401
194.6339123386672 33.710942649360284 2.22746205329895 6488 554 56364
194.6339123386672 33.710942649360284 2.2273271083831787 3974 180 55320
194.78416392443256 16.992229089682144 2.254093885421753 5418 642 56037
194.81326439143973 26.421705280066362 2.518343925476074 5972 724 56334
194.94523952101542 45.829528642794166 2.070882797241211 6618 238 56401
194.94650070893232 -0.6323882300962069 2.1661524772644043 3794 952 55241
194.99468756667437 61.023028875801096 2.376108169555664 6967 434 56447
195.1455898520611 0.23227961262675592 2.0557212829589844 4051 524 55337
195.24840501914318 -0.7907290538848335 2.445190191268921 4051 438 55337
195.3185841675671 26.172913321763687 2.115161180496216 5972 196 56334
195.3926937482923 32.60234189351668 2.477308988571167 6488 345 56364
195.5134458455708 60.249088279548175 2.282588481903076 6967 374 56447
195.6621272204479 -1.6257954035864088 2.000781297683716 4051 332 55337
195.67193941232148 48.49183836446711 2.1163899898529053 6665 930 56390
195.68741106003566 58.50062480031044 2.387453317642212 6835 168 56420
195.72380316056285 26.670177258852043 2.284867525100708 5972 966 56334
196.05645015020391 32.00664969344641 2.3614816665649414 6488 218 56364
196.08919589033633 63.687334133110426 2.0615179538726807 6823 650 56687
196.2034980658044 12.293560937612815 2.3029093742370605 5419 894 55983
196.23936169987428 31.815560000442268 2.0904886722564697 6487 558 56362
196.38309610183143 42.721844901751446 2.1291940212249756 6620 504 56368
196.3872938329186 32.921734378414804 2.333385705947876 6488 856 56364
196.3927633336146 31.470289464441827 2.425804615020752 6487 573 56362
196.42481156176842 15.940156416846413 2.4288008213043213 5418 56 56037
196.43580546045024 15.434713963461137 2.4782989025115967 5420 709 56009
196.5168773152331 54.7521314804583 2.2995755672454834 6760 361 56425
196.64316336860296 58.61649322642531 2.192354440689087 6835 94 56420
196.64420763847573 52.547274239083215 2.4228293895721436 6759 290 56416
196.71491471545295 23.976426965127526 2.0578458309173584 5991 124 56076
196.7739783840906 19.433199170896298 2.479890823364258 5863 680 56042
196.77950636337368 3.3641023195449073 2.2860794067382812 4760 456 55656
196.8731822122196 54.00658653984727 2.0179760456085205 6760 316 56425
196.88777006423652 30.149227919483522 2.0260283946990967 6487 332 56362
196.98638423168074 4.37098745664884 2.2498316764831543 4758 16 55682
197.02723738540357 32.34970617937237 2.588566541671753 6488 24 56364
197.11844089449687 58.66683975466743 2.471564531326294 6835 24 56420
197.2520990153974 50.683783767503535 2.472259044647217 6754 494 56414
197.2520990153974 50.683783767503535 2.196336269378662 6754 494 56414
197.28304800455442 2.9090621311070657 2.2458131313323975 4007 640 55327
197.29598905840356 9.194784740671212 2.1307666301727295 5421 176 55980
197.50476184172953 43.039897394672685 2.069187641143799 6621 122 56366
197.54099892280027 13.633117459162406 2.080678939819336 5420 97 56009
197.56398999433202 28.052617176266175 2.4332921504974365 5994 786 56101
197.56398999433202 28.052617176266175 2.2832634449005127 5994 786 56101
197.56398999433202 28.052617176266175 2.2833564281463623 6486 455 56328
197.77201718226013 25.505802063876445 2.168818473815918 5994 164 56101
197.77201718226013 25.505802063876445 2.1694283485412598 5977 680 56098
197.78533260356363 27.14107416670283 2.497969627380371 5994 852 56101
197.79955366847946 13.077780494360049 2.296942710876465 5422 714 55986
197.9961212417565 28.438964624740027 2.1690502166748047 6486 412 56328
198.02437834350968 42.050945377020334 2.2509396076202393 6620 308 56368
198.24622303218052 15.705975392259342 2.1711459159851074 5424 228 56033
198.38077842420049 -0.5699969965136347 2.1074695587158203 4004 378 55321
198.39476892576664 22.8612084121227 2.2734320163726807 5993 536 56070
198.4552604740563 29.41156889511306 2.46030592918396 6486 727 56328
198.60848188168728 7.050303528857465 2.4045612812042236 5423 140 55958
198.8118674608549 12.175135316350662 2.2448694705963135 5422 78 55986
198.82051067042013 50.7752308676461 2.1655962467193604 6754 350 56414
198.83839264639434 14.619332335327886 2.0286881923675537 5425 658 56003
199.01662525953262 39.34111964848569 2.109517812728882 3981 720 55603
199.06742275604984 29.892389834989217 2.0491209030151367 6486 799 56328
199.1220257384133 51.1682937210144 2.202946424484253 6754 691 56414
199.14255597766936 24.582242196367073 2.1055140495300293 5977 112 56098
199.24921616963337 36.66663093321653 2.258598566055298 3979 866 55597
199.251949150881 9.868210654549195 2.08184814453125 5426 268 55987
199.53757463105896 28.997810031588354 2.027477264404297 6486 110 56328
199.81488431032324 28.410802216684868 2.22392201423645 5997 786 56309
199.87068273547945 50.04501758669609 2.201719045639038 6754 178 56414
199.88028622941587 30.822225044771933 2.208627462387085 6490 216 56330
199.90588595893055 36.43878289366664 2.2283196449279785 3979 940 55597
200.11514553044566 32.01943665709395 2.3052918910980225 6490 827 56330
200.11514553044566 32.01943665709395 2.4869558811187744 6490 827 56330
200.14686654362941 43.49925931914691 2.3009800910949707 6623 218 56367
200.19720690507174 13.066486077250417 2.2445828914642334 5427 714 56001
200.28444224901182 24.937846571083874 2.393122434616089 5996 352 56096
200.28444224901182 24.937846571083874 2.4471864700317383 5996 352 56096
200.29719376705214 65.10858806060368 2.053009033203125 6826 174 56449
200.33448498918602 15.603168794071898 2.3936643600463867 5428 334 56029
200.33448498918602 15.603168794071898 2.251896619796753 5428 334 56029
200.50628396907211 49.37713211528504 2.5432302951812744 6743 581 56385
201.0722242484031 44.05000626819413 2.6171844005584717 6623 76 56367
201.27150036084498 49.57515665080471 2.1028409004211426 6743 656 56385
201.52128352439263 49.24681006717987 2.365422487258911 6743 721 56385
201.6573838945191 13.411463388597445 2.2966461181640625 5431 288 56011
201.72967025278717 25.803128534141518 2.187692403793335 5996 928 56096
201.73388483085654 28.35243125661943 2.0861928462982178 6489 86 56329
202.00630817650384 1.578496499058325 2.411569595336914 4045 422 55622
202.1187764922792 3.69228076513157 2.0751466751098633 4759 422 55649
202.18754637690182 51.04052871991741 2.4380877017974854 6738 414 56424
202.23290585992055 25.822741747242898 2.1977665424346924 5999 552 56089
202.53370488305592 14.899188436713704 2.515986680984497 5431 922 56011
202.59757655524288 54.07286912125607 2.4283454418182373 6757 649 56416
202.6100339343214 43.066539855899514 2.237924814224243 6622 854 56365
202.72068440655667 52.92042453379042 2.2296829223632812 6758 8 56415
202.72068440655667 52.92042453379042 2.3171441555023193 6758 8 56415
202.84854160103836 31.76941872451476 2.180050849914551 6492 874 56362
202.91041504690756 0.7058734276276215 2.0338358879089355 4046 550 55605
202.91041504690756 0.7058734276276215 2.0335421562194824 4045 166 55622
202.93359645469258 5.165075950897317 2.220130681991577 4759 758 55649
202.95396425918292 43.762940126570406 2.334656238555908 6627 300 56369
202.99043317206701 49.260503764454874 2.4499266147613525 6743 962 56385
203.1905286413093 8.608168396320025 2.1559572219848633 5433 870 55981
203.27964394332244 44.20193392809966 2.055738925933838 6627 262 56369
203.32257028071254 64.28837779713648 2.1253881454467773 6822 850 56711
203.35445767971257 47.49316317292345 2.210949420928955 6748 664 56371
203.43979279948178 8.720377060286323 2.245253801345825 5433 896 55981
203.44778809567802 21.837672431560854 2.3656747341156006 5861 758 56069
203.581373447808 12.45514251876189 2.264219284057617 5432 67 56008
203.64918287298582 11.79449221890245 2.1501376628875732 5435 688 55982
203.78877219123797 44.93946423845276 2.2644872665405273 6627 854 56369
203.92243258917517 48.59168274477633 2.251129150390625 6743 1 56385
204.2334174008357 24.903164738247188 2.017324924468994 5999 96 56089
204.5400790883242 13.299699204233876 2.5054354667663574 5438 596 56002
204.83126182251993 23.431356253412027 2.4865593910217285 5998 818 56087
204.92479470246445 5.806151480139031 2.5854382514953613 4837 22 55707
204.93118412135374 3.0420859065465873 2.2910449504852295 4042 784 55626
205.16018981534228 13.734765197028693 2.1551177501678467 5436 90 56015
205.4197835132901 24.625978400547943 2.300839424133301 6002 322 56104
205.441108445538 43.109317161044984 2.2689249515533447 6626 806 56330
205.64591861306354 51.6677532861883 2.2234365940093994 6740 352 56401
205.68927481150837 13.46706397438693 2.141570568084717 5438 872 56002
206.02496343374548 22.208899272509704 2.358487606048584 5851 840 56075
206.03213241527538 37.70430900805817 2.3849451541900635 3987 78 55590
206.04539913093112 13.389697857406095 2.173875570297241 5438 950 56002
206.18252052130322 34.0919701364221 2.260403633117676 3856 682 55269
206.8113701496403 5.702013922198626 2.2466142177581787 4785 622 55659
206.8113701496403 5.702013922198626 2.1244194507598877 4785 622 55659
206.8804773545918 39.96390691038284 2.270266532897949 4710 596 55707
206.8804773545918 39.96390691038284 2.2702555656433105 4709 238 55720
206.9880156672275 29.278646444542503 2.3154585361480713 6493 100 56338
207.02191248028754 35.168156105221925 2.3343665599823 3853 439 55268
207.47221712571692 11.021067789173161 2.4702415466308594 5440 976 55983
207.80141192059773 25.052716015493232 2.2723071575164795 6005 398 56090
207.8119068558213 36.084869048318076 2.062777042388916 3853 718 55268
207.8119068558213 36.084869048318076 2.021061658859253 3853 718 55268
208.28534933383247 35.693521284247595 2.4371230602264404 3853 802 55268
208.35969707194283 65.77970400974505 2.0720434188842773 6986 384 56717
208.40045359864348 51.60161497273511 2.3027737140655518 6741 512 56394
208.5746059965933 33.81661738826183 2.1818125247955322 3857 464 55272
208.70240221764388 10.60302581667442 2.232516050338745 5445 238 55987
208.70681460461236 29.821909438922244 2.489872455596924 6494 265 56363
208.70681460461236 29.821909438922244 2.450937271118164 6494 265 56363
209.46219261764264 34.83988322694323 2.13134503364563 3853 20 55268
209.8437192041634 47.12127607355808 2.1841330528259277 6750 680 56367
210.0287074792788 41.36182976933438 2.4058837890625 6058 443 56090
210.22713250507235 44.37879647061571 2.2792673110961914 6629 142 56365
210.26206493431454 16.13845059743341 2.239253282546997 5449 286 56030
210.59205244626008 36.32446199100993 2.0490548610687256 3854 232 55247
210.67198026758655 39.87758252579672 2.251453399658203 6630 138 56358
210.77686260224056 41.77615762895152 2.2204127311706543 6058 294 56090
210.83245731155512 49.774561261001104 2.2874858379364014 6746 558 56386
210.83245731155512 49.774561261001104 2.4545557498931885 6746 558 56386
211.20898724478346 10.976995190595847 2.4882400035858154 5450 788 55986
211.22396328078332 52.55207400424993 2.2973008155822754 7027 412 56448
211.41080686279255 5.707953267215701 2.245594024658203 4863 54 55688
211.41080686279255 5.707953267215701 2.2455620765686035 4783 662 55652
211.4709188187851 1.9186332871200393 1.999842643737793 4033 278 55332
211.5039682569198 7.421801071526276 2.406651258468628 5452 402 55957
211.5442312302481 15.674933238778133 2.1421592235565186 5451 822 56010
211.5464137214911 32.93841787190561 2.1427509784698486 3858 406 55273
211.7243482378496 34.56037564813508 2.4969990253448486 3858 644 55273
211.78149257806496 33.91855267767896 2.545274496078491 3858 354 55273
211.86745229710624 37.6054157546961 2.497596263885498 4711 162 55737
211.91006017225135 33.148671985115726 2.001603841781616 3858 371 55273
212.0236919028365 13.165761188352846 2.4620840549468994 5453 734 56001
212.11170705421148 3.7647239286751595 2.218338966369629 4783 180 55652
212.2259412789697 58.41285646517776 2.478356122970581 6808 286 56443
212.2877371383326 25.016940016882895 2.276639461517334 6008 24 56093
212.2877371383326 25.016940016882895 2.2972776889801025 6008 24 56093
212.48157739128257 56.47400718994617 2.313112497329712 6803 488 56402
212.48157739128257 56.47400718994617 2.236706256866455 6803 488 56402
212.49886340979168 28.747461248220038 2.1736855506896973 6497 447 56329
212.5181352103843 58.702506009515744 2.168637752532959 6808 284 56443
212.56017110156515 12.719124545699868 2.0057716369628906 5453 198 56001
212.6449282205926 35.99054044159392 2.169482469558716 3855 332 55268
212.53222682376224 53.12214533492802 2.520820140838623 7339 611 56739
212.72476382134175 59.716020304796004 2.472093343734741 6808 776 56443
212.8883496362402 30.75171029460575 2.3989813327789307 6497 634 56329
213.05226814018818 32.29515149762932 2.508404016494751 3866 594 55623
213.05600390578076 18.218273980458335 2.2709028720855713 5454 832 56015
213.07140027265268 13.747094293088075 2.1213481426239014 5455 362 56009
213.0720471272467 9.273533357844954 2.018643617630005 5452 932 55957
213.0720471272467 9.273533357844954 2.018681764602661 5457 528 55976
213.17358283544905 33.9921457751605 2.44791841506958 3858 940 55273
213.18376358001797 33.740760523936615 2.547419786453247 3858 78 55273
213.1968360011843 8.197234081043783 2.524229049682617 5452 58 55957
213.30047984008388 28.849942872655465 2.1802029609680176 6497 296 56329
213.34004424176865 6.046261795543423 2.1963753700256348 4862 148 55685
213.65305964380468 46.810620559608985 2.1399831771850586 6751 276 56368
213.97429287770913 31.744957826111033 2.5185983180999756 3866 770 55623
214.00326267908542 39.069140626461284 2.167414426803589 4712 752 55738
214.13970899879604 35.17852199226279 2.4723687171936035 3855 46 55268
214.15449311394258 13.910041029655527 2.1855528354644775 5458 628 56011
214.20034747863554 48.83691874024523 2.408820629119873 6746 35 56386
214.24057215889889 8.760646037786435 2.049642562866211 5457 266 55976
214.3046733748685 14.129938260842478 2.3783905506134033 5458 718 56011
214.5366977013491 19.849855567323452 2.2124640941619873 5895 882 56046
215.37250766148819 52.464475314554555 2.4944546222686768 7339 102 56722
215.37250766148819 52.464475314554555 2.4944546222686768 7339 102 56722
215.37250766148819 52.464475314554555 2.4944546222686768 7339 102 56722
215.37250766148819 52.464475314554555 2.4944546222686768 7339 102 56722
215.37250766148819 52.464475314554555 2.4944546222686768 7339 102 56722
215.37250766148819 52.464475314554555 2.4944546222686768 7339 102 56722
215.37250766148819 52.464475314554555 2.4944546222686768 7339 102 56722
215.00379078210364 8.314449168597362 2.1176772117614746 5457 98 55976
215.37250766148819 52.464475314554555 2.4944546222686768 7339 102 56722
215.12536630431921 34.69089320367238 2.3797245025634766 3859 264 55246
215.1683365949002 5.857318001864973 2.2293801307678223 4861 288 55710
215.22559990755448 16.833895241213288 2.2902181148529053 5459 222 56035
215.22559990755448 16.833895241213288 2.272777557373047 5459 222 56035
215.33673131078885 39.789007224515025 2.256396532058716 5170 308 56063
215.37250766148819 52.464475314554555 2.4946467876434326 7029 144 56455
215.37250766148819 52.464475314554555 2.4944546222686768 7339 102 56722
215.37250766148819 52.464475314554555 2.4940037727355957 7340 65 56726
215.4141748433054 45.256340553964705 2.0664501190185547 6056 766 56092
215.58926171200278 12.635008626915592 2.301046371459961 5458 72 56011
215.6699731829067 21.445660084563418 2.358795404434204 5898 232 56045
215.8148368290561 -2.3443409074781094 2.255042791366577 4032 237 55333
215.88019910597507 5.108675222688986 2.061427116394043 4781 592 55653
216.01943701529026 53.497115630202764 2.59169864654541 7339 988 56686
216.01943701529026 53.497115630202764 2.59169864654541 7339 988 56686
216.01943701529026 53.497115630202764 2.59169864654541 7339 988 56686
216.01943701529026 53.497115630202764 2.59169864654541 7339 988 56686
216.01943701529026 53.497115630202764 2.59169864654541 7339 988 56686
216.01943701529026 53.497115630202764 2.59169864654541 7339 988 56686
216.01468777566203 47.39573265790243 2.4456539154052734 6752 584 56366
216.01943701529026 53.497115630202764 2.59169864654541 7339 988 56686
216.0799129410296 53.29745334449972 2.1350908279418945 7339 994 56683
216.15696060501668 39.759862253198996 2.075599193572998 5170 154 56063
216.192904010221 5.788153725860051 2.3075177669525146 4861 46 55710
216.33106139719112 11.657126865671898 2.187129020690918 5460 866 56000
216.61674519385434 50.04675703556964 2.2245895862579346 6747 862 56388
216.98272564228455 -0.4975276828730805 2.1728503704071045 4028 110 55621
217.04569607731955 23.61117020253039 2.5612082481384277 6014 776 56072
217.37592510536254 0.35141583736402215 2.3873276710510254 4028 997 55621
217.565393748402 21.39032181307214 2.028280258178711 5900 732 56043
217.67148611948076 14.345647788916962 2.4743752479553223 5466 379 56033
217.90325212387393 9.039793118846104 2.3111069202423096 5467 532 55973
218.14673756673608 54.64778383440529 2.3667824268341064 6710 231 56416
218.19152084894625 3.7856019175355637 2.2684483528137207 4780 302 55682
218.32947214791602 -2.57555754350284 2.3194477558135986 4029 180 55618
218.419969598241 -1.5760255086122963 2.050826072692871 4029 888 55618
218.50061885922182 41.05623374555863 2.222048282623291 5171 788 56038
218.54575371892165 53.125190721378274 2.049201726913452 6718 684 56398
218.54575371892165 53.125190721378274 2.3179852962493896 6718 684 56398
218.6719263632583 -1.7635347033847255 2.2257001399993896 4029 930 55618
218.751149502369 3.9009937777420443 2.270310878753662 4780 188 55682
218.75224915209304 53.99825724222429 2.3428287506103516 6711 494 56388
219.39392704081786 19.990190297505805 2.4196510314941406 5899 848 56038
219.41703072118088 34.43863622517695 2.311115264892578 3865 656 55272
219.52501663204146 24.937772874053696 2.279670238494873 6017 54 56075
219.59790124267695 46.09045610897453 2.297940492630005 6736 389 56366
219.80018146340865 11.294603806638674 2.417870044708252 5470 630 56008
219.8141486746394 -1.9399344594767163 2.073312997817993 4026 740 55325
219.93177071090344 29.047860667014756 2.4867608547210693 3874 440 55280
219.96674908098532 52.426498745049166 2.0910849571228027 6718 114 56398
220.02184789564765 10.058149676061182 2.067626476287842 5470 332 56008
220.51691066600685 4.434015159005681 2.393669843673706 4779 278 55656
220.6392126239783 13.094437389012567 2.026620388031006 5473 574 56033
220.79959615532545 15.382448872376594 2.1189706325531006 5471 810 56034
220.8056277234465 13.19156177829624 2.131387948989868 5468 996 56014
220.88474544913151 58.63763047844538 2.080737590789795 6806 310 56419
221.0193936191044 47.711228270082394 2.4618406295776367 6736 836 56366
221.19845460220915 32.22011387374242 2.396038770675659 3869 456 55273
221.19845460220915 32.22011387374242 2.109405517578125 3869 456 55273
221.21232841734522 14.377106852450325 2.0191218852996826 5471 82 56034
221.68646223044271 34.436185682023165 2.4085748195648193 4718 204 55750
221.68646223044271 34.436185682023165 2.4084997177124023 4718 206 56014
221.70512879059328 13.551794249844157 2.3027701377868652 5473 764 56033
221.72104779239683 1.2321975393006426 2.0867841243743896 4018 413 55622
221.8527335040211 33.647936099419084 2.387425184249878 3869 712 55273
221.902048107912 37.12696096781214 2.2468717098236084 5174 422 56047
222.41000310483457 45.833452955634364 2.313204288482666 6736 6 56366
222.35673526119876 15.569199949650194 2.5167088508605957 5477 564 56030
222.37037353066765 42.924791397109544 2.115142822265625 6053 594 56091
222.41000310483457 45.833452955634364 2.313204288482666 6736 6 56366
222.48116715159745 5.986786232054072 2.5164406299591064 4858 100 55686
222.52391905465709 45.698132716914216 2.224571466445923 6737 424 56365
222.81337919602174 33.19665162197475 2.3574461936950684 3869 880 55273
222.85549099730866 14.693341765427682 2.47249436378479 5477 309 56030
223.08523823642471 50.744474949080065 2.193608045578003 6726 622 56394
223.10147787327077 12.37974269605581 2.2931392192840576 5475 802 56011
223.19847899726366 19.139577865397936 2.3599777221679688 5903 18 56064
223.4375964820942 50.472755849482795 2.1724650859832764 6726 674 56394
223.82972535031826 35.15049283098602 2.473716974258423 4715 320 55653
223.88409735888368 14.507613624241277 2.1963000297546387 5478 644 56014
223.93007500353858 18.15527686677413 2.4366464614868164 5479 566 56016
223.99379473060822 31.6876526736244 2.3383970260620117 3875 750 55364
224.06930565086424 46.9568188592424 2.1363706588745117 6733 449 56369
224.0763450185529 34.01034633205947 2.1694695949554443 4715 254 55653
224.10437577155136 7.229834633389442 2.4345784187316895 4857 802 55711
224.17504022664457 46.01215196155154 2.220773458480835 6737 194 56365
224.17504022664457 46.01215196155154 2.3431262969970703 6737 194 56365
224.27639744283704 0.29610957323376974 2.237032413482666 4019 892 55363
224.31462783209645 15.03771336620499 2.5181968212127686 5477 9 56030
224.52590142857122 12.264010237701164 2.0961713790893555 5480 624 56001
224.73878101365705 25.1879574898793 2.1809539794921875 6024 78 56088
224.73878101365705 25.1879574898793 2.478668689727783 6024 78 56088
225.15038610637956 13.95652186814859 2.0992789268493652 5478 960 56014
225.1799452348726 61.57092469744834 2.502197742462158 6982 848 56444
225.32735565891235 14.522460476484218 2.140401601791382 5482 304 56017
225.50148345136284 52.618278748021844 2.3462297916412354 6720 594 56390
225.571312329845 35.91640522580059 2.3720743656158447 4715 966 55653
225.61458753115878 10.534752997566153 2.162668466567993 5480 102 56001
225.71631956905907 52.60936301054759 2.4614615440368652 6720 640 56390
225.87132122364775 6.525368690914433 2.0126609802246094 4856 319 55712
226.0159205914597 51.72283473999061 2.4240434169769287 6720 356 56390
226.0588270406715 56.800371232220655 2.427281379699707 6795 604 56425
226.0588270406715 56.800371232220655 2.155783176422119 6795 604 56425
226.35445940888226 16.200155901733947 2.1258463859558105 5484 434 56039
226.35445940888226 16.200155901733947 2.1257104873657227 5482 908 56017
226.4527166552632 24.451702701841903 2.479318857192993 6019 300 56074
226.82776561659006 10.362746344370798 2.12074613571167 5485 354 56063
226.82776561659006 10.362746344370798 2.057832717895508 5485 354 56063
227.10457717839242 18.28180980883619 2.0467216968536377 3957 194 55664
227.15337951240383 30.66840146590744 2.2974700927734375 3876 146 55245
227.3871330118895 19.820664434482598 2.060980796813965 3956 302 55656
227.48175730537855 32.136063086389555 2.1231019496917725 3876 908 55245
227.48184238053153 27.159158337421534 2.5324857234954834 3872 226 55382
227.70686938394772 9.390406234668122 2.422797203063965 5487 636 55982
227.70686938394772 9.390406234668122 2.1490533351898193 5487 636 55982
227.78903760690568 18.824250668532027 2.0096487998962402 3956 206 55656
227.94999598232477 36.33270164972026 2.1141531467437744 4980 414 56048
228.18369083949145 13.946162971529029 2.1109976768493652 5488 607 56013
228.326630647115 45.126568238780116 2.0280838012695312 6039 30 56099
228.72764558823332 6.037475994949748 2.1787118911743164 4878 179 55710
228.78581820787176 21.562781749295407 2.0703742504119873 3962 62 55660
229.01481543871762 57.15651545594663 2.5287368297576904 6790 448 56430
229.01579608720846 45.10558494685979 2.1735095977783203 6040 576 56101
229.10702813865424 32.868863333471324 2.323058605194092 4720 112 55691
229.21728419799223 47.21725390920927 2.1798362731933594 6734 232 56386
229.22229083700478 29.709804875270205 2.1437149047851562 3871 118 55307
229.4763661088419 28.242276413716855 2.4590961933135986 3851 646 55302
229.8732864045088 2.624430113091474 2.395765781402588 4011 724 55635
229.9429858564681 44.75868634721472 2.1415657997131348 6040 278 56101
230.2809326203332 41.335216524180126 2.269619941711426 5164 268 56067
230.2809326203332 41.335216524180126 2.0626168251037598 5164 268 56067
230.39742412603786 30.794790207372856 2.418055295944214 3879 800 55244
230.44086345248002 31.748174340345383 2.3650639057159424 4719 306 55736
230.45671798431886 43.61091204326317 2.063366413116455 6040 212 56101
230.45671798431886 43.61091204326317 2.0939414501190186 6040 212 56101
230.5022864738932 51.42017073179358 2.227308988571167 6721 736 56398
230.58244085144784 41.198973171256355 2.4595000743865967 5164 222 56067
231.17800926753756 12.21844813280869 2.302619457244873 5492 234 56010
231.2858064126013 18.635795370655995 2.2752506732940674 3945 834 55648
231.2858064126013 18.635795370655995 2.1797595024108887 3945 834 55648
231.83349737050943 54.54273677691653 2.4194552898406982 6796 206 56453
232.76068419461365 12.82680049898978 2.2478878498077393 4891 606 55736
233.13891265982522 50.93760664290032 2.14193058013916 6722 614 56431
233.3406654012332 37.5819792164534 2.1874613761901855 4977 348 56047
233.75461101842706 2.339583565892397 2.1834967136383057 4054 648 55358
233.8858132131311 10.618330515621553 2.4000043869018555 5206 614 56033
234.1055388636285 6.154053905922884 2.1844167709350586 4885 75 55735
234.24609056446297 8.576036984297506 2.3114545345306396 5211 558 56002
234.31561689593036 58.492762393607734 2.0503931045532227 6791 714 56429
234.76167923639215 53.58432934275232 2.017625570297241 6708 334 56452
234.8420724151096 38.095829213931644 2.019951820373535 4977 938 56047
235.00859878475836 28.29332598896275 2.348177671432495 3958 36 55329
235.06302470038986 21.200466487500094 2.041071891784668 3943 224 55336
235.06743089558688 36.767649779959235 2.1357173919677734 4974 821 56038
235.28989437264394 18.690989813452987 2.452881097793579 3932 572 55337
235.35515985095373 5.35120134060787 2.189269542694092 4881 330 55733
235.36306973317693 52.183412242164955 2.3870251178741455 6715 382 56449
235.4421756121209 55.625465605206514 2.5781939029693604 6708 782 56452
235.53190774494448 29.427422240274048 2.111665725708008 4722 96 55735
235.59330005932142 12.560654117409687 2.00087833404541 4890 164 55741
235.61265596614044 42.19540716152305 1.9999232292175293 6050 854 56089
235.74252167336695 5.671347730032611 2.5152883529663086 4881 242 55733
235.81841581854493 10.63672270143652 2.1631927490234375 5206 984 56033
235.844195538674 36.045530294228826 2.5771846771240234 4974 963 56038
344.10137110176834 1.1983814268057889 2.108365297317505 4207 542 55475
235.95409897719537 23.48617194353914 2.0197255611419678 3942 632 55338
236.13473947866072 2.0783429780441764 2.2355854511260986 4055 692 55359
236.26349770362708 1.9374249409317006 2.1528162956237793 4055 318 55359
236.49541336645717 44.97822570027054 2.045499563217163 6032 170 56067
236.53673524845325 18.390342209355623 2.1972665786743164 3937 126 55352
236.6837764145338 56.81890202667207 2.131495237350464 6791 57 56429
236.71063871186573 39.05434625841971 2.0428714752197266 4976 136 56046
236.22698216876066 12.210271318784427 2.115896224975586 4886 728 55737
236.13795895557945 -1.1660369069064873 2.114102840423584 4008 90 55356
237.05302473598044 56.16754181538761 2.16125750541687 6792 400 56432
237.17874643637973 19.591571921408722 2.09415340423584 3937 20 55352
237.4728154839032 8.822080949146025 2.473383665084839 5210 680 56003
238.2595641747942 23.780137450562712 2.0585107803344727 3941 270 55321
238.28833669297538 15.081513370487437 2.519089937210083 3927 8 55333
238.60164156195452 12.742092533761024 2.1378602981567383 4900 26 55739
238.69782307668714 39.60925868470226 2.0283586978912354 5192 646 56066
239.01348134766278 23.14916317487044 2.4442312717437744 3941 98 55321
239.17169986647474 20.505040604146707 2.4165780544281006 3930 590 55332
239.5011627523525 54.24982077230867 2.238940954208374 6709 824 56429
239.5239716431999 23.791464004162517 2.3245785236358643 3941 38 55321
239.75123563216926 44.22658185013585 2.166768789291382 6043 664 56096
239.85035566335694 9.74205561786644 2.393388271331787 4879 817 55706
240.00878118981404 20.395505288680706 2.220111608505249 3930 836 55332
240.0238455467125 60.030113788448624 2.256845235824585 6798 374 56485
240.6346496757294 33.72537220563492 2.076972723007202 4965 216 55721
241.10545362176887 19.65809913593134 2.0468506813049316 3924 436 55332
241.33976069937825 13.701653599251808 2.263507843017578 4071 344 55660
241.7298142015212 26.62079296845133 2.232422351837158 4724 198 55742
241.7370738859986 28.625178731881476 2.6091737747192383 5009 324 55707
241.79577771988147 13.404485006013797 2.0761330127716064 4071 212 55660
242.14850025028215 35.215993018948616 2.2149527072906494 4964 398 55749
242.25711661801557 3.0962660919673595 2.2708232402801514 4807 372 55687
242.58713435748848 47.22557674517205 2.18662428855896 6323 806 56189
242.63476527391526 15.753701381159413 2.0192649364471436 4072 216 55362
242.67280946204704 4.484915062308157 2.088486671447754 4807 766 55687
242.89825883040658 5.547070356932853 2.3198273181915283 4895 175 55708
243.33120936050062 29.777631679622605 2.2556610107421875 5009 38 55707
243.47512941092847 3.1200380803323977 2.004565477371216 4807 81 55687
243.8953490079782 40.92490388870027 2.1762325763702393 6044 220 56090
243.91202300929996 39.34755024522485 2.2197883129119873 5189 280 56074
244.4155314541765 15.194274671378896 2.0141971111297607 4074 280 55679
244.69370759040345 19.799512760926117 2.063666820526123 4057 214 55357
244.83417536069874 37.9174392257096 2.1889595985412598 5199 803 56067
244.95059070171456 14.860919006029192 2.3627593517303467 4074 144 55679
245.00201631982523 12.455348212204957 2.5648605823516846 4067 424 55361
245.85314010322782 33.180478504730175 2.4906246662139893 4955 618 55750
245.8797662357103 48.31171288734032 2.202500581741333 6317 445 56448
245.8816902130141 21.42104857958751 2.4865517616271973 4057 982 55357
246.44672134143195 15.455888207429531 2.42606782913208 4056 700 55357
246.7216724223701 35.28129972740102 2.1757373809814453 5191 898 56065
246.73640678625685 29.891128682674033 2.152123212814331 4953 340 55749
246.84519311032025 44.69278793349375 2.201770782470703 6030 524 56097
246.94643972757103 19.44436847588983 2.106694459915161 4060 940 55359
247.0117390170561 30.205304194710706 2.2283225059509277 4953 222 55749
247.67712842271357 24.520974377487434 2.116284132003784 4188 310 55684
247.67958000475826 45.75109642287291 2.2057464122772217 6030 584 56097
248.79003196366324 41.194079831984574 2.1965010166168213 6038 554 56090
249.7744170321846 16.884682354129097 2.1428170204162598 4063 842 55364
249.79491466575098 40.07488162312397 2.2833831310272217 6038 302 56090
250.05454087140944 11.637762766641368 2.4637508392333984 4075 136 55352
250.87555789392314 30.92824899009733 2.136465311050415 5194 472 56062
251.59670093849377 52.94445185676727 2.2829065322875977 6311 684 56447
251.92778626692996 18.4893304487704 2.1798956394195557 4176 500 55682
252.25283417258595 44.69394566928229 2.1669774055480957 6031 868 56091
252.97529551294588 31.551397458512234 2.2703590393066406 5194 888 56062
253.81205638511352 48.07238636271539 2.080209732055664 6319 714 56452
253.81205638511352 48.07238636271539 2.311671018600464 6319 714 56452
254.08433973305267 46.76078648031663 2.526589870452881 6319 230 56452
254.196780162695 34.85771435013448 2.165520429611206 4987 774 55746
254.2849128385942 27.304411259257595 2.0799198150634766 5013 406 55723
254.42215954467235 27.74531608690715 2.147820472717285 5013 378 55723
254.48123808585348 33.701096577493175 2.28979229927063 4992 702 55723
254.5699594372246 23.281617548701558 2.4662837982177734 4177 482 55688
255.07537633704217 44.47108512661514 2.138059377670288 6025 362 56098
255.07537633704217 44.47108512661514 2.267941951751709 6025 362 56098
255.48853638513089 37.47595434834042 2.4862611293792725 4983 292 55836
256.2123018289202 28.784157720261934 2.5585038661956787 5000 570 55715
256.5929666491895 46.48311267563694 2.070607900619507 6025 879 56098
258.13394004438504 25.273500162842783 2.2545511722564697 5015 656 55707
258.1441331362861 24.827408758291647 2.1939544677734375 5015 709 55707
258.36373963081553 44.370967991489294 2.455357789993286 6062 980 56091
258.5556071484222 26.63168434973804 2.1180481910705566 5014 32 55717
258.98648155810184 27.20640854765031 2.1414434909820557 5003 466 55715
259.97195014730454 26.03681068703912 2.1350128650665283 5016 681 55709
260.4693518201798 24.88314387417176 2.5150208473205566 5016 254 55709
261.2535855187877 31.445185148633175 2.251162052154541 5002 396 55710
262.405510088986 32.710935078867976 2.4089128971099854 5002 808 55710
262.69140384233225 26.703906689303583 2.115975856781006 5004 236 55711
318.5749690298512 -1.1962083273990425 2.040604591369629 4191 132 55444
320.96755421941157 7.231133408915684 2.4370288848876953 4085 428 55452
320.97341467896547 7.218220692324465 2.3055241107940674 4082 10 55367
324.7427469624469 2.122488987116482 2.181229829788208 5144 959 55829
324.7713078579865 8.916331075467324 2.2688167095184326 4093 332 55475
325.409862427984 0.3813957855560179 2.3156867027282715 5145 312 55835
326.96526596531675 29.16790943505962 2.334062099456787 5965 954 56190
327.602186707581 4.6377293163908915 2.066026210784912 4091 108 55498
328.0654857744463 26.10927343545256 2.235269546508789 5960 896 56097
328.45130890632566 7.640951154289607 2.357908010482788 4097 698 55506
329.670322698008 19.447952712278173 2.1732237339019775 5022 62 55827
331.9273531368256 13.68636344817132 2.4780473709106445 5062 25 55803
331.9273531368256 13.68636344817132 2.4784770011901855 5041 500 55749
332.598974730172 30.752187263557325 2.327240467071533 5954 468 56462
332.7586324548417 13.429848503458519 2.2499632835388184 5041 370 55749
333.76805628799553 22.255507146503753 2.557630777359009 5947 962 56093
333.9803047863149 7.449584610742401 2.5169291496276855 5068 68 55749
334.31589392492566 22.824058334701313 2.4527621269226074 5950 222 56211
334.31589392492566 22.824058334701313 2.4528706073760986 5946 584 56101
336.68660951887546 0.8388837856180604 2.4876601696014404 4202 792 55445
336.74641148641126 13.263150819191369 2.0972237586975098 5042 26 55856
337.8962453345254 3.8198559823534186 2.225921392440796 4291 447 55525
338.7134006151831 19.866266361304987 2.2554383277893066 5025 736 55836
338.8158913568297 12.85182714304081 2.22398042678833 5049 662 56103
338.8158913568297 12.85182714304081 2.2240073680877686 5043 52 56187
339.61740838823613 11.891251856723356 2.2502291202545166 5049 842 56103
340.43020855202656 24.052095787336643 2.0880115032196045 6307 665 56205
340.84894228819905 27.068004734306964 2.061645984649658 6296 856 56219
341.6888458398035 26.54103793696979 2.438584566116333 6296 23 56219
342.49755895404263 23.860787618767652 2.221137762069702 6290 110 56238
343.00178824780994 15.424028292703156 2.417722463607788 5040 686 56243
343.25245108276704 6.114973334586609 2.2788519859313965 4412 932 55912
343.25245108276704 6.114973334586609 2.394279718399048 4412 932 55912
343.3672093836707 32.187207692835074 2.3080556392669678 7141 82 56565
344.78638984420036 18.411742107367356 2.2572872638702393 6128 470 56236
344.88023479125985 22.93047795930426 2.2613234519958496 6591 614 56535
345.0831720798242 0.5745956893373857 2.2389776706695557 4207 770 55475
346.09516333030376 1.0754459167600368 2.2927591800689697 4208 622 55476
346.3810349851973 19.083269139941798 2.0513477325439453 6128 894 56236
346.5874584643305 26.541833831411342 2.06347393989563 6302 704 56565
346.89638479327914 16.477379973504135 2.2387328147888184 6134 240 56244
347.08499525817297 20.667867153171162 2.4659008979797363 6122 696 56246
347.73169584327945 -0.038653129706065964 2.2991385459899902 4209 620 55478
347.84089333740496 34.350137889578995 2.584359884262085 7140 694 56569
349.2790077694383 32.634117370815424 2.176197052001953 6503 758 56564
349.3874296894974 12.452094384860004 2.0468475818634033 6147 149 56239
349.8041881890143 -3.4037080854625246 2.139000177383423 4359 441 55533
349.8041881890143 -3.4037080854625246 2.480851888656616 4359 441 55533
350.54064720772624 3.229484243839706 2.1385605335235596 4285 238 55881
350.7003068930731 11.212842935583991 2.2406256198883057 6156 762 56239
351.3513314394447 10.746575909721374 2.2910702228546143 6156 70 56239
352.76199925022536 25.895589842782684 2.292780637741089 6301 368 56543
352.80090906096086 18.492360764621665 2.279268264770508 6131 852 56211
353.00298001864235 30.017014017430434 2.4419450759887695 6501 334 56563
353.2011885471783 1.560993229797228 2.28121280670166 4282 378 55507
353.2064608536152 7.343893990914007 2.2996015548706055 6166 198 56181
353.60340348233626 15.047547162381273 2.1881017684936523 6144 554 56237
354.52955517523696 28.94472368286772 2.0560085773468018 6514 846 56487
354.64393326322437 12.463274098707757 2.2380270957946777 6149 64 56194
354.7798896716977 16.924870381135413 2.2403523921966553 6132 255 56267
354.7798896716977 16.924870381135413 2.2403719425201416 6137 960 56270
354.8750204511043 0.504800760127494 2.050943613052368 4213 724 55449
354.9804125475997 32.225223665419534 2.118457555770874 7137 372 56566
355.78294452428133 3.3166098711563023 2.2401018142700195 4281 102 55836
355.94353888812253 10.964281941004197 2.125264883041382 6158 940 56239
356.30816275077524 8.568106365281166 2.1964778900146484 6160 262 56190
356.48123975605324 15.238753238976264 2.045281171798706 6138 178 56598
356.6917255016788 12.75748499758847 2.538114070892334 6150 854 56187
356.73859522048895 14.959973926718067 2.1161844730377197 6145 590 56266
357.4316995853234 2.290047860712158 2.0849812030792236 4280 970 55503
357.4316995853234 2.290047860712158 2.0849356651306152 4278 569 55505
357.66068030324163 35.26522772859028 2.058288812637329 7143 824 56572
357.84556927095673 13.257640414661926 2.3102779388427734 6145 169 56266
358.1405671280438 33.02041201234604 2.3204925060272217 7143 82 56572
358.3631977175777 34.04893579387486 2.0661749839782715 7143 36 56572
359.2606160774268 -0.8066806584159948 2.481919527053833 4216 410 55477
359.79468725794027 15.309838299766348 2.2366626262664795 6177 548 56268
359.79468725794027 15.309838299766348 2.2367963790893555 6139 54 56192
359.8517112126236 8.803326458672103 2.2893409729003906 6152 36 56164
